4294967279,226
4294967278,225
4294967278,35
4294967278,34
4294967278,33
4294967278,32
4294967278,339
4294967278,31
4294967278,30
4294967278,337
4294967278,29
4294967278,27
4294967278,22
4294967278,17
4294967278,272
4294967278,16
4294967278,283
4294967278,15
4294967278,336
4294967278,13
4294967278,9
4294967278,8
4294967279,132
4294967279,131
4294967279,130
4294967279,129
4294967279,128
4294967279,127
4294967279,126
4294967279,21
4294967279,267
4294967279,523
4294967279,278
4294967279,522
4294967279,14
4294967279,13
4294967278,223
4294967279,217
4294967278,216
4294967279,215
4294967278,214
4294967279,318
4294967278,213
4294967278,212
4294967279,317
4294967279,210
4294967279,552
4294967278,364
4294967279,551
4294967278,207
4294967278,323
4294967279,316
4294967279,206
4294967294,436
4294967278,321
4294967279,314
4294967279,202
41,6
4294967278,201
41,5
41,4
4294967278,200
41,3
41,2
41,1
4294967278,315
4294967279,200
4294967278,314
4294967279,308
4294967278,309
4294967279,197
4294967279,306
4294967278,313
4294967279,196
4294967279,305
4294967278,312
4294967278,192
4294967278,363
4294967278,188
4294967279,550
4294967278,308
4294967279,301
4294967278,307
4294967278,318
4294967279,300
4294967278,306
4294967279,181
4294967279,299
4294967278,305
4294967279,180
4294967278,178
38,5
38,4
38,3
38,2
38,1
4294967278,304
4294967278,173
4294967278,172
4294967279,298
4294967279,171
4294967278,303
4294967294,1417
4294967294,393
4294967279,297
4294967278,302
4294967279,296
4294967279,549
4294967278,167
36,6
4294967279,295
4294967278,300
4294967279,548
4294967278,362
4294967279,547
4294967279,163
4294967278,162
4294967279,162
4294967278,161
4294967279,161
4294967279,160
4294967278,159
4294967279,157
4294967279,159
36,5
4294967278,158
36,4
4294967279,158
36,3
36,2
36,1
4294967278,157
4294967279,155
4294967278,155
4294967279,154
4294967278,154
4294967279,153
4294967278,153
4294967279,292
4294967279,151
4294967294,120
4294967294,471
4294967279,150
4294967279,290
4294967278,38
4294967278,295
4294967278,361
4294967278,37
4294967279,149
34,6
4294967279,146
4294967278,36
4294967278,148
4294967278,294
4294967279,288
4294967279,546
34,5
4294967279,145
4294967279,144
34,4
34,3
34,2
34,1
4294967279,143
4294967278,143
4294967279,142
4294967279,141
4294967278,360
4294967279,140
33,5
4294967279,138
33,4
4294967279,272
33,3
33,2
33,1
4294967279,285
4294967294,468
4294967279,136
4294967294,17
4294967294,99
4294967294,76
4294967279,135
4294967279,133
32,4
32,3
32,2
32,1
0,7
4294967294,68
4294967294,11
4294967279,269
4294967294,0
4294967294,5
4294967278,284
4294967279,19
4294967278,260
4294967278,0
4294967278,275
4294967279,18
4294967279,266
4294967294,469
4294967278,286
4294967294,396
4294967294,902
4294967294,29
4294967294,185
4294967294,903
4294967294,1415
4294967294,948
4294967294,461
4294967294,108
4294967294,399
4294967294,453
4294967294,1
4294967294,25
4294967294,392
4294967294,46
4294967294,45
4294967294,388
4294967294,389
4294967294,115
4294967294,2
4294967279,16
4294967279,545
4294967294,107
4294967294,91
4294967294,90
4294967294,87
4294967294,86
4294967294,85
4294967294,84
4294967294,418
4294967294,950
4294967294,949
4294967294,921
4294967294,28
4294967294,920
4294967294,27
4294967294,53
4294967294,426
4294967294,44
4294967294,40
4294967294,41
4294967294,38
4294967294,37
4294967294,36
4294967294,39
4294967294,42
4294967294,96
4294967294,94
4294967294,9
4294967294,8
4294967278,271
4294967294,7
4294967294,22
4294967279,262
4294967294,423
4294967294,1416
4294967294,61
4294967294,67
4294967294,93
4294967294,95
4294967294,43
4294967294,416
4294967294,51
4294967294,52
4294967294,50
4294967294,946
4294967294,26
4294967294,92
4294967294,88
4294967279,544
4294967279,0
4294967279,257
4294967294,969
4294967294,82
4294967294,81
4294967278,132
4294967278,131
4294967278,130
4294967278,129
4294967278,128
4294967278,127
4294967278,126
4294967278,125
4294967278,124
4294967278,123
4294967278,122
4294967278,121
4294967278,120
4294967278,119
4294967278,118
4294967278,117
4294967278,116
4294967278,115
4294967278,114
4294967278,113
4294967278,112
4294967278,111
4294967278,110
4294967278,109
4294967278,108
4294967278,107
4294967278,106
4294967278,105
4294967278,104
4294967278,103
4294967278,102
4294967278,101
4294967278,100
4294967278,99
4294967278,98
4294967278,97
4294967278,96
4294967278,95
4294967278,94
4294967278,93
4294967278,92
4294967278,91
4294967278,90
4294967278,89
4294967278,87
4294967278,86
4294967278,85
4294967278,84
4294967278,83
4294967278,82
4294967278,81
4294967278,80
4294967278,79
4294967278,78
4294967278,77
4294967278,76
